7.261285247488806E-4,0.014038484811811691,0.04272056153939247,0.019968534430594216,1.2102142079148009E-4,0.0033885997821614428,0.01173907781677357,0.0027834926782040422,0.026019605470168218,2.4204284158296018E-4,0.014885634757352051,0.13905361248941062,0.014159506232603172,0.18201621687038605,3.630642623744403E-4,0.01258622776231393,6.051071039574004E-4,0.07551736657388358,0.05930049618782524,0.16567832506353625,0.009318649400943967,0.05361248941062568,0.009439670821735448,8.471499455403607E-4,0.027955948202831902,0.003751664044535883,0.10916132155391504
0.08294209702660407,0.0036515388628064684,0.0036515388628064684,5.216484089723526E-4,0.20187793427230047,0.0010432968179447052,5.216484089723526E-4,0.0010432968179447052,0.013041210224308816,0.004173187271778821,5.216484089723526E-4,0.06885758998435054,5.216484089723526E-4,0.001564945226917058,0.07303077725612937,0.001564945226917058,5.216484089723526E-4,0.04329681794470527,0.047991653625456446,0.004694835680751174,0.058424621804903494,0.003129890453834116,0.0010432968179447052,5.216484089723526E-4,0.02608242044861763,5.216484089723526E-4,0.35524256651017216
0.31357615894039736,6.622516556291391E-4,0.009933774834437087,3.3112582781456954E-4,0.07880794701986756,3.3112582781456954E-4,3.3112582781456954E-4,0.10562913907284768,0.026490066225165563,3.3112582781456954E-4,0.08509933774834437,0.03145695364238411,3.3112582781456954E-4,9.933774834437086E-4,0.1672185430463576,3.3112582781456954E-4,6.622516556291391E-4,0.030794701986754967,0.0013245033112582781,0.07516556291390729,0.04437086092715232,3.3112582781456954E-4,3.3112582781456954E-4,3.3112582781456954E-4,0.0033112582781456954,3.3112582781456954E-4,0.02119205298013245
0.046750663129973474,0.001326259946949602,0.004973474801061008,0.011273209549071617,0.10510610079575597,0.001326259946949602,0.0033156498673740055,0.001989389920424403,0.07891246684350132,0.001989389920424403,6.63129973474801E-4,0.005968169761273209,9.946949602122016E-4,0.011604774535809019,0.11803713527851459,6.63129973474801E-4,3.315649867374005E-4,0.04078249336870027,0.05570291777188329,0.0029840848806366046,0.010941644562334218,0.001326259946949602,9.946949602122016E-4,3.315649867374005E-4,0.017241379310344827,3.315649867374005E-4,0.47380636604774534
0.06307503578000409,0.07258229400940502,0.02218360253526886,0.05050092005724801,0.03506440400736046,0.005520343488039256,0.0034757718258024944,0.003271314659578818,0.0049069719893682275,3.066857493355142E-4,9.200572480065427E-4,0.028726231854426496,0.01431200163565733,0.07493355142097731,0.004191371907585361,0.007667143733387855,0.0010222858311183807,0.11020241259456144,0.0921079533837661,0.030361889184215906,0.0010222858311183807,0.013494172970762625,0.00633817215293396,0.017685544878347986,0.0136986301369863,0.0010222858311183807,0.3214066653036189
0.07163531114327062,7.23589001447178E-4,0.002170767004341534,7.23589001447178E-4,0.07452966714905933,0.04486251808972504,0.001447178002894356,0.001447178002894356,0.09840810419681621,7.23589001447178E-4,7.23589001447178E-4,0.05137481910274964,7.23589001447178E-4,0.001447178002894356,0.11215629522431259,7.23589001447178E-4,7.23589001447178E-4,0.09768451519536903,0.001447178002894356,0.03979739507959479,0.04052098408104197,7.23589001447178E-4,0.001447178002894356,7.23589001447178E-4,7.23589001447178E-4,7.23589001447178E-4,0.3516642547033285
0.05243036592026215,0.002184598580010923,0.004369197160021846,5.461496450027307E-4,0.10212998361551065,0.0010922992900054614,0.0038230475150191155,0.16602949208083015,0.038776624795193886,0.0010922992900054614,5.461496450027307E-4,0.0890223921354451,0.0010922992900054614,0.011469142545057346,0.06280720917531403,5.461496450027307E-4,5.461496450027307E-4,0.027307482250136537,0.017476788640087382,0.0038230475150191155,0.022938285090114693,5.461496450027307E-4,5.461496450027307E-4,5.461496450027307E-4,0.0038230475150191155,5.461496450027307E-4,0.3839432004369197
0.20979431929480902,9.794319294809011E-4,3.917727717923604E-4,1.958863858961802E-4,0.44701273261508323,1.958863858961802E-4,1.958863858961802E-4,7.835455435847208E-4,0.12850146914789423,1.958863858961802E-4,1.958863858961802E-4,3.917727717923604E-4,0.0013712047012732615,5.876591576885406E-4,0.06758080313418217,1.958863858961802E-4,1.958863858961802E-4,0.012732615083251714,0.0031341821743388833,0.046229187071498534,0.007835455435847209,1.958863858961802E-4,1.958863858961802E-4,1.958863858961802E-4,0.007051909892262488,1.958863858961802E-4,0.06346718903036239
0.008354994430003714,0.005755662829558114,0.04790196806535462,0.04455997029335314,0.023208317861121427,0.02116598588934274,0.046787968808020795,1.856665428889714E-4,1.856665428889714E-4,1.856665428889714E-4,0.010954326030449314,0.03323431117712588,0.044002970664686225,0.30022279985146677,0.04474563683624211,0.010954326030449314,0.0012996658002228,0.030820646119569254,0.1292239138507241,0.12625324916450056,1.856665428889714E-4,0.019123653917564053,1.856665428889714E-4,0.0022279985146676567,1.856665428889714E-4,5.569996286669142E-4,0.04753063497957668
0.31645569620253167,0.006329113924050633,0.006329113924050633,0.006329113924050633,0.0949367088607595,0.006329113924050633,0.006329113924050633,0.006329113924050633,0.006329113924050633,0.006329113924050633,0.006329113924050633,0.006329113924050633,0.006329113924050633,0.006329113924050633,0.08227848101265822,0.006329113924050633,0.006329113924050633,0.006329113924050633,0.006329113924050633,0.006329113924050633,0.36075949367088606,0.006329113924050633,0.006329113924050633,0.006329113924050633,0.006329113924050633,0.006329113924050633,0.006329113924050633
0.0231935771632471,0.001784121320249777,0.0026761819803746653,0.0053523639607493305,0.20695807314897413,0.001784121320249777,0.0026761819803746653,0.0026761819803746653,0.13470115967885815,8.920606601248885E-4,8.920606601248885E-4,0.0053523639607493305,8.920606601248885E-4,0.0767172167707404,0.05084745762711865,8.920606601248885E-4,8.920606601248885E-4,0.001784121320249777,0.15611061552185548,0.006244424620874219,0.006244424620874219,8.920606601248885E-4,0.0044603033006244425,8.920606601248885E-4,0.057091882247992866,8.920606601248885E-4,0.24620874219446923
0.09569110240626749,5.595970900951316E-4,0.0013989927252378287,0.03161723559037493,0.312534974818131,0.011751538891997761,0.0013989927252378287,8.393956351426973E-4,0.11555679910464466,2.797985450475658E-4,0.02238388360380526,0.09065472859541131,0.007274762171236709,8.393956351426973E-4,0.09065472859541131,0.0030777839955232235,5.595970900951316E-4,0.0013989927252378287,0.023503077783995522,0.0058757694459988805,0.013710128707330722,5.595970900951316E-4,8.393956351426973E-4,2.797985450475658E-4,0.06631225517627308,2.797985450475658E-4,0.10016787912702854
0.12776831345826234,0.022146507666098807,0.005110732538330494,5.678591709256105E-4,0.25326519023282223,0.0028392958546280523,5.678591709256105E-4,0.001135718341851221,0.07779670641680864,5.678591709256105E-4,5.678591709256105E-4,0.0017035775127768314,0.015332197614991482,0.002271436683702442,0.12663259511641112,0.0488358886996025,5.678591709256105E-4,0.002271436683702442,0.02328222600795003,0.002271436683702442,0.016467915956842702,5.678591709256105E-4,5.678591709256105E-4,5.678591709256105E-4,0.018739352640545145,5.678591709256105E-4,0.24701873935264054
0.09396715097915351,9.475679090334807E-4,0.02242577384712571,0.1208149084017688,0.05211623499684144,0.0015792798483891346,0.13108022741629816,6.317119393556538E-4,0.029848389134554645,4.7378395451674036E-4,0.015792798483891344,0.007896399241945672,6.317119393556538E-4,0.004264055590650663,0.04690461149715729,0.0012634238787113076,1.5792798483891344E-4,0.0012634238787113076,0.05574857864813645,0.12349968414403033,0.0026847757422615286,0.002842703727100442,3.158559696778269E-4,1.5792798483891344E-4,0.0064750473783954515,7.896399241945673E-4,0.27542640555906506
0.0037238169123351436,0.012878200155159038,0.012257564003103181,0.013964313421256789,0.009309542280837859,0.06408068269976726,0.0062063615205585725,0.0018619084561675718,0.013809154383242823,1.551590380139643E-4,0.027463149728471685,0.01908456167571761,0.06997672614429791,0.15469356089992242,0.05989138867339022,0.02342901474010861,1.551590380139643E-4,0.08611326609775019,0.021101629169899147,0.04065166795965865,0.15096974398758728,0.018929402637703645,0.0595810705973623,0.0026377036462373934,0.002017067494181536,9.309542280837859E-4,0.12412723041117145
0.09312977099236641,0.0022900763358778627,0.0022900763358778627,7.633587786259542E-4,0.17557251908396945,0.0015267175572519084,7.633587786259542E-4,0.025954198473282442,0.06183206106870229,7.633587786259542E-4,0.0030534351145038168,0.0984732824427481,0.0015267175572519084,0.003816793893129771,0.10152671755725191,0.05114503816793893,7.633587786259542E-4,0.10534351145038168,0.04732824427480916,0.035114503816793895,0.0732824427480916,7.633587786259542E-4,0.0022900763358778627,7.633587786259542E-4,7.633587786259542E-4,7.633587786259542E-4,0.1083969465648855
0.011764705882352941,0.011764705882352941,0.011764705882352941,0.011764705882352941,0.011764705882352941,0.011764705882352941,0.011764705882352941,0.011764705882352941,0.011764705882352941,0.011764705882352941,0.011764705882352941,0.011764705882352941,0.011764705882352941,0.011764705882352941,0.011764705882352941,0.011764705882352941,0.011764705882352941,0.011764705882352941,0.011764705882352941,0.011764705882352941,0.6941176470588235,0.011764705882352941,0.011764705882352941,0.011764705882352941,0.011764705882352941,0.011764705882352941,0.011764705882352941
0.057197330791229746,0.005243088655862726,0.012392755004766444,0.036939942802669205,0.24046711153479505,0.003574833174451859,0.007149666348903718,0.002859866539561487,0.06959008579599618,2.3832221163012392E-4,0.008341277407054338,0.011201143946615824,0.013822688274547188,0.019542421353670163,0.12559580552907532,0.003098188751191611,2.3832221163012392E-4,0.021448999046711152,0.045996186844613915,0.032411820781696854,0.017874165872259293,0.011677788369876072,0.0023832221163012394,2.3832221163012392E-4,0.018589132507149667,2.3832221163012392E-4,0.23164918970448045
0.0160151541243327,0.0015498536249354228,0.018598243499225075,3.4441191665231615E-4,0.10487342862063027,0.0015498536249354228,1.7220595832615808E-4,0.05321164112278285,0.047873256414671946,5.166178749784743E-4,0.009815739624591011,0.010848975374547959,0.008438091957981746,0.010160151541243327,0.03874634062338557,0.013432064749440331,3.4441191665231615E-4,3.4441191665231615E-4,0.041157224039951784,0.11038401928706733,0.01618736008265886,1.7220595832615808E-4,0.007921474083003272,1.7220595832615808E-4,0.00447735491648011,1.7220595832615808E-4,0.48252109522989495
0.0424135319363797,0.001009845998485231,0.013127997980308004,0.02310022721534966,0.06803837414794243,3.786922494319616E-4,2.5246149962130775E-4,0.3215097197677354,0.05793991416309013,2.5246149962130775E-4,2.5246149962130775E-4,0.012118151981822771,3.786922494319616E-4,0.0018934612471598082,0.08735167886897248,2.5246149962130775E-4,1.2623074981065388E-4,0.021711688967432467,0.0456955314314567,0.014264074728603887,0.019691996970462006,0.005049229992426155,0.005932845241100732,1.2623074981065388E-4,0.008836152486745772,1.2623074981065388E-4,0.24816965412774553
0.02028485110056107,0.008631851532153647,0.03452740612861459,0.03798014674147605,0.029779887785930083,0.0021579628830384117,0.03798014674147605,0.0043159257660768235,0.017695295640914977,4.3159257660768235E-4,4.3159257660768235E-4,0.06042296072507553,0.020716443677168753,0.08977125593439793,0.0030211480362537764,0.04833836858006042,4.3159257660768235E-4,0.13034095813552007,0.1342252913249892,0.1782477341389728,8.631851532153647E-4,0.0034527406128614588,4.3159257660768235E-4,4.3159257660768235E-4,0.003884333189469141,4.3159257660768235E-4,0.13077255071212776
0.40252182347235693,9.699321047526673E-4,9.699321047526673E-4,9.699321047526673E-4,0.40252182347235693,9.699321047526673E-4,9.699321047526673E-4,9.699321047526673E-4,0.0863239573229874,9.699321047526673E-4,9.699321047526673E-4,9.699321047526673E-4,9.699321047526673E-4,9.699321047526673E-4,0.03976721629485936,9.699321047526673E-4,9.699321047526673E-4,9.699321047526673E-4,9.699321047526673E-4,9.699321047526673E-4,9.699321047526673E-4,9.699321047526673E-4,9.699321047526673E-4,9.699321047526673E-4,0.0019398642095053346,9.699321047526673E-4,0.04655674102812803
0.2391566265060241,6.024096385542169E-4,0.0024096385542168677,0.0012048192771084338,0.14337349397590363,6.024096385542169E-4,6.024096385542169E-4,0.1680722891566265,0.12409638554216867,6.024096385542169E-4,0.0018072289156626507,0.006626506024096385,6.024096385542169E-4,0.0572289156626506,0.06385542168674699,0.0012048192771084338,6.024096385542169E-4,0.01566265060240964,0.02710843373493976,0.0012048192771084338,6.024096385542169E-4,6.024096385542169E-4,0.0012048192771084338,6.024096385542169E-4,0.0012048192771084338,6.024096385542169E-4,0.13855421686746988
0.06896551724137931,0.004310344827586207,0.05603448275862069,0.004310344827586207,0.06896551724137931,0.004310344827586207,0.004310344827586207,0.01293103448275862,0.08620689655172414,0.004310344827586207,0.004310344827586207,0.004310344827586207,0.004310344827586207,0.004310344827586207,0.01293103448275862,0.12931034482758622,0.004310344827586207,0.004310344827586207,0.004310344827586207,0.33189655172413796,0.06465517241379311,0.004310344827586207,0.004310344827586207,0.004310344827586207,0.004310344827586207,0.004310344827586207,0.09482758620689655
0.005710659898477157,0.011421319796954314,0.024111675126903553,0.0025380710659898475,0.06218274111675127,0.0031725888324873096,0.0019035532994923859,0.0019035532994923859,0.02030456852791878,6.345177664974619E-4,6.345177664974619E-4,0.0019035532994923859,0.005076142131979695,0.006979695431472081,0.3013959390862944,0.006979695431472081,6.345177664974619E-4,0.0025380710659898475,0.022208121827411168,0.012055837563451776,6.345177664974619E-4,0.0012690355329949238,0.005076142131979695,6.345177664974619E-4,6.345177664974619E-4,6.345177664974619E-4,0.49682741116751267
0.05,0.0125,0.0125,0.0125,0.4125,0.0125,0.0125,0.0125,0.1375,0.0125,0.0125,0.0375,0.0125,0.0125,0.0375,0.0125,0.0125,0.0125,0.0125,0.0125,0.0125,0.0125,0.0125,0.0125,0.025,0.05,0.0125
0.11338349051605383,0.04339302744516266,0.07857369926883544,0.035127688884179296,0.018067182367277737,0.03163081487760941,0.02204090282928897,0.06289074917876444,0.0755536717177069,0.005881106283776624,0.01059658789869662,0.025537776835858852,0.030147292571791884,0.04312811274769524,0.054625410617781076,0.025802691533326268,0.0019603687612588746,0.024690049803963124,0.07232171240860442,0.13277524637066865,0.009483946169333474,0.004662498675426513,0.05255907597753524,5.29829394934831E-5,0.025007947440924022,5.29829394934831E-5,5.29829394934831E-5